<?xml version="1.0"?>
<opencv_storage>
<image_width>640</image_width>
<image_height>480</image_height>
<square_size>3.</square_size>
<M1 type_id="opencv-matrix">
  <rows>3</rows>
  <cols>3</cols>
  <dt>d</dt>
  <data>
    663.60101634296996 0. 302.31478063172705 0. 663.28566120372568
    273.04005833412322 0. 0. 1.</data></M1>
<D1 type_id="opencv-matrix">
  <rows>1</rows>
  <cols>5</cols>
  <dt>d</dt>
  <data>
    -0.06327681530402629 0.54008396532720071 0.00030132128478769734
    -0.0042807427031675829 -1.7291750204878091</data></D1>
<M2 type_id="opencv-matrix">
  <rows>3</rows>
  <cols>3</cols>
  <dt>d</dt>
  <data>
    663.16483216964957 0. 315.64086795619158 0. 663.32437522518251
    249.19490827210669 0. 0. 1.</data></M2>
<D2 type_id="opencv-matrix">
  <rows>1</rows>
  <cols>5</cols>
  <dt>d</dt>
  <data>
    0.00769016004111568 -0.038298294347966055 0.0046506243059504107
    -0.0022377429710055616 0.083853882094879623</data></D2>
<R type_id="opencv-matrix">
  <rows>3</rows>
  <cols>3</cols>
  <dt>d</dt>
  <data>
    0.99859457433205046 -0.011732841144536635 -0.05168381326167782
    0.012776978157968974 0.99971996129080087 0.019918529711564045
    0.051435638848387012 -0.020550898651804598 0.99846483945147591</data></R>
<T type_id="opencv-matrix">
  <rows>3</rows>
  <cols>1</cols>
  <dt>d</dt>
  <data>
    -5.4960025040217415 -0.30635322713718854 0.15166959543837072</data></T>
<E type_id="opencv-matrix">
  <rows>3</rows>
  <cols>3</cols>
  <dt>d</dt>
  <data>
    -0.017695353059210359 -0.14533128795808978 -0.30890396109205454
    0.43414683500258711 -0.11472730571994964 5.4797263947548673
    0.23570036649828219 -5.4980578043228769 -0.12530579215465826</data></E>
<F type_id="opencv-matrix">
  <rows>3</rows>
  <cols>3</cols>
  <dt>d</dt>
  <data>
    -2.8068689506286606e-07 -2.3063672380023141e-06
    -0.0025369859245567066 6.8848593783001399e-06
    -1.8202526134434905e-06 0.056082207882557439 0.00085231323628960805
    -0.056681309334621094 1.</data></F>
<R1 type_id="opencv-matrix">
  <rows>3</rows>
  <cols>3</cols>
  <dt>d</dt>
  <data>
    0.99596269610370824 0.044473835950841978 -0.077976829158731803
    -0.043618682243932956 0.99896832945681013 0.012636744104899907
    0.078458387245311484 -0.0091844791952245992 0.99687508084653076</data></R1>
<R2 type_id="opencv-matrix">
  <rows>3</rows>
  <cols>3</cols>
  <dt>d</dt>
  <data>
    0.99807127999096212 0.05563359138108636 -0.027543121958934994
    -0.055931231268798322 0.99838297006789889 -0.010155907008082622
    0.026933574325711914 0.011676839831176103 0.99956902412269577</data></R2>
<P1 type_id="opencv-matrix">
  <rows>3</rows>
  <cols>4</cols>
  <dt>d</dt>
  <data>
    778.26460964843909 0. 326.24531936645508 0. 0. 778.26460964843909
    285.36426162719727 0. 0. 0. 1. 0.</data></P1>
<P2 type_id="opencv-matrix">
  <rows>3</rows>
  <cols>4</cols>
  <dt>d</dt>
  <data>
    778.26460964843909 0. 326.24531936645508 -4285.6099851486142 0.
    778.26460964843909 285.36426162719727 0. 0. 0. 1. 0.</data></P2>
<Q type_id="opencv-matrix">
  <rows>4</rows>
  <cols>4</cols>
  <dt>d</dt>
  <data>
    1. 0. 0. -326.24531936645508 0. 1. 0. -285.36426162719727 0. 0. 0.
    778.26460964843909 0. 0. 0.18159949513498505 0.</data></Q>
<rms_left>0.17336423573562451</rms_left>
<rms_right>0.16793300986299939</rms_right>
<rms_stereo>1.5284328045253506</rms_stereo>
</opencv_storage>
