LAB 5 - RESULTADOS DA CALIBRACAO ESTEREO
================================================

Tamanho da imagem: 640 x 480 pixels
Tabuleiro: 6 x 8 cantos internos
Tamanho do quadrado usado: 1.0
Pares validos usados: 15

Erro RMS camera esquerda: 0.224407842701398
Erro RMS camera direita: 0.21404089582082625
Erro RMS stereoCalibrate: 0.6384995347592081
Baseline ||T||: 1.8857326400484626

M1 - matriz intrinseca da camera esquerda =
[[672.39759524   0.         339.4300318 ]
 [  0.         670.94209783 244.19256014]
 [  0.           0.           1.        ]]

D1 - coeficientes de distorcao da esquerda =
[[-0.00219936 -0.13712282 -0.00246572  0.0097713   0.36297575]]

M2 - matriz intrinseca da camera direita =
[[671.03378912   0.         325.05301367]
 [  0.         671.36513437 263.41725511]
 [  0.           0.           1.        ]]

D2 - coeficientes de distorcao da direita =
[[ 0.00338912 -0.25456771 -0.00576592  0.00941688  0.56625559]]

R - rotacao entre as cameras =
[[ 0.99798984  0.01404888  0.06179736]
 [-0.01361699  0.99987987 -0.00740441]
 [-0.06189396  0.00654804  0.99806125]]

T - translacao entre as cameras =
[[ 1.88396256]
 [-0.05184198]
 [-0.06312751]]

E - matriz essencial =
[[ 0.0023491   0.06278046 -0.05220889]
 [ 0.05360528 -0.01322312 -1.88421114]
 [ 0.02608387  1.88446456 -0.01074594]]

F - matriz fundamental =
[[ 6.92519153e-08  1.85479613e-06 -1.51134025e-03]
 [ 1.57951493e-06 -3.90473322e-07 -3.77719779e-02]
 [ 7.74147565e-05  3.68597059e-02  1.00000000e+00]]

R1 - retificacao esquerda =
[[ 0.99949939 -0.0136719   0.02853143]
 [ 0.01376256  0.99990084 -0.00298339]
 [-0.02848781  0.00337456  0.99958844]]

R2 - retificacao direita =
[[ 0.99906133 -0.02749169 -0.03347638]
 [ 0.02759801  0.99961541  0.00271796]
 [ 0.03338879 -0.00363929  0.99943581]]

P1 - nova matriz de projecao esquerda =
[[719.74798613   0.         338.92874908   0.        ]
 [  0.         719.74798613 252.48764801   0.        ]
 [  0.           0.           1.           0.        ]]

P2 - nova matriz de projecao direita =
[[7.19747986e+02 0.00000000e+00 3.38928749e+02 1.35725227e+03]
 [0.00000000e+00 7.19747986e+02 2.52487648e+02 0.00000000e+00]
 [0.00000000e+00 0.00000000e+00 1.00000000e+00 0.00000000e+00]]

Q - matriz de reprojecao 3D =
[[ 1.00000000e+00  0.00000000e+00  0.00000000e+00 -3.38928749e+02]
 [ 0.00000000e+00  1.00000000e+00  0.00000000e+00 -2.52487648e+02]
 [ 0.00000000e+00  0.00000000e+00  0.00000000e+00  7.19747986e+02]
 [ 0.00000000e+00  0.00000000e+00 -5.30297869e-01  0.00000000e+00]]

roi1 = (0, 0, 640, 480)
roi2 = (0, 0, 639, 480)

Parametros salvos no XML:
image_width, image_height, board_cols, board_rows, square_size, num_valid_pairs,
rms_left, rms_right, rms_stereo, M1, D1, M2, D2, R, T, E, F,
R1, R2, P1, P2, Q, roi1, roi2.
