<?xml version="1.0"?>
<opencv_storage>
<image_width>640</image_width>
<image_height>480</image_height>
<board_cols>6</board_cols>
<board_rows>8</board_rows>
<square_size>1.</square_size>
<num_valid_pairs>15</num_valid_pairs>
<rms_left>0.22440784270139799</rms_left>
<rms_right>0.21404089582082625</rms_right>
<rms_stereo>0.63849953475920807</rms_stereo>
<M1 type_id="opencv-matrix">
  <rows>3</rows>
  <cols>3</cols>
  <dt>d</dt>
  <data>
    672.39759523896612 0. 339.43003179742175 0. 670.94209782635062
    244.19256013527189 0. 0. 1.</data></M1>
<D1 type_id="opencv-matrix">
  <rows>1</rows>
  <cols>5</cols>
  <dt>d</dt>
  <data>
    -0.0021993626379089712 -0.13712281509677818 -0.0024657219809203659
    0.009771297867165931 0.36297575103396063</data></D1>
<M2 type_id="opencv-matrix">
  <rows>3</rows>
  <cols>3</cols>
  <dt>d</dt>
  <data>
    671.03378912332403 0. 325.05301366821902 0. 671.36513437109681
    263.41725510971816 0. 0. 1.</data></M2>
<D2 type_id="opencv-matrix">
  <rows>1</rows>
  <cols>5</cols>
  <dt>d</dt>
  <data>
    0.0033891242967285253 -0.2545677062525164 -0.0057659245097601633
    0.0094168831085393988 0.56625559402019854</data></D2>
<R type_id="opencv-matrix">
  <rows>3</rows>
  <cols>3</cols>
  <dt>d</dt>
  <data>
    0.99798983757517568 0.014048876674943768 0.06179735561370335
    -0.013616988137728102 0.99987986892993252 -0.0074044137322232251
    -0.061893955526620401 0.0065480357996260726 0.99806125137510249</data></R>
<T type_id="opencv-matrix">
  <rows>3</rows>
  <cols>1</cols>
  <dt>d</dt>
  <data>
    1.8839625570803455 -0.051841978331631004 -0.063127510216172744</data></T>
<E type_id="opencv-matrix">
  <rows>3</rows>
  <cols>3</cols>
  <dt>d</dt>
  <data>
    0.0023490985434920539 0.062780463510780815 -0.052208891970954283
    0.05360528105458548 -0.013223124874740446 -1.8842111404612842
    0.02608387174307324 1.8844645562025626 -0.010745941057962387</data></E>
<F type_id="opencv-matrix">
  <rows>3</rows>
  <cols>3</cols>
  <dt>d</dt>
  <data>
    6.925191530719868e-08 1.8547961285209661e-06 -0.0015113402541989986
    1.579514934617997e-06 -3.9047332248887212e-07 -0.037771977902054499
    7.7414756458185941e-05 0.036859705855327246 1.</data></F>
<R1 type_id="opencv-matrix">
  <rows>3</rows>
  <cols>3</cols>
  <dt>d</dt>
  <data>
    0.99949939308665348 -0.013671903176496945 0.028531426233957026
    0.013762557468723924 0.99990084078337949 -0.0029833894500583694
    -0.028487808468383627 0.0033745613378839655 0.99958844386299583</data></R1>
<R2 type_id="opencv-matrix">
  <rows>3</rows>
  <cols>3</cols>
  <dt>d</dt>
  <data>
    0.99906132877454379 -0.027491690619671955 -0.033476384125455984
    0.027598010513389077 0.99961540729343101 0.0027179619737592781
    0.033388787982580416 -0.0036392923021072031 0.99943581304083462</data></R2>
<P1 type_id="opencv-matrix">
  <rows>3</rows>
  <cols>4</cols>
  <dt>d</dt>
  <data>
    719.74798613263386 0. 338.92874908447266 0. 0. 719.74798613263386
    252.48764801025391 0. 0. 0. 1. 0.</data></P1>
<P2 type_id="opencv-matrix">
  <rows>3</rows>
  <cols>4</cols>
  <dt>d</dt>
  <data>
    719.74798613263386 0. 338.92874908447266 1357.2522700594559 0.
    719.74798613263386 252.48764801025391 0. 0. 0. 1. 0.</data></P2>
<Q type_id="opencv-matrix">
  <rows>4</rows>
  <cols>4</cols>
  <dt>d</dt>
  <data>
    1. 0. 0. -338.92874908447266 0. 1. 0. -252.48764801025391 0. 0. 0.
    719.74798613263386 0. 0. -0.5302978687234795 0.</data></Q>
<roi1 type_id="opencv-matrix">
  <rows>1</rows>
  <cols>4</cols>
  <dt>i</dt>
  <data>
    0 0 640 480</data></roi1>
<roi2 type_id="opencv-matrix">
  <rows>1</rows>
  <cols>4</cols>
  <dt>i</dt>
  <data>
    0 0 639 480</data></roi2>
</opencv_storage>
