CALIBRAÇÃO DA SEGUNDA CÂMERA
==================================================

Imagens analisadas: 15
Imagens utilizadas: 15
Resolução: 640 x 480 pixels
Erro RMS: 1.0338530649700772
Erro médio de reprojeção: 0.1358951087325146

Matriz intrínseca K:
[[706.62737701   0.         352.7490429 ]
 [  0.         707.20294771 255.53422847]
 [  0.           0.           1.        ]]

Coeficientes de distorção [k1, k2, p1, p2, k3]:
[[ 0.57610104 -5.52882622  0.02302616  0.02074245 20.18273404]]

fx = 706.6273770145417
fy = 707.202947710958
Aspect ratio fx/fy = 0.9991861308012371
Skew = 0.0
Principal point = (352.74904290401673, 255.53422847074367)

Imagem 0: cam2_frm0.jpg
Matriz R:
[[ 0.97805669  0.08380624 -0.1907397 ]
 [-0.05650284  0.98791439  0.14433498]
 [ 0.20053066 -0.13039045  0.97097157]]
Vetor t:
[[-0.33326747]
 [-4.40091925]
 [17.55692517]]
Erro de reprojeção: 0.11624990565529485

Imagem 1: cam2_frm1.jpg
Matriz R:
[[ 0.99490087  0.09016064  0.04520311]
 [-0.09811819  0.96897302  0.22685703]
 [-0.02334702 -0.23013551  0.97287849]]
Vetor t:
[[-0.19403074]
 [-3.83063936]
 [31.53297466]]
Erro de reprojeção: 0.05645185263774031

Imagem 2: cam2_frm2.jpg
Matriz R:
[[ 0.97128365  0.0719918   0.22677138]
 [-0.0753185   0.99714124  0.00603972]
 [-0.22568828 -0.02294636  0.97392929]]
Vetor t:
[[-1.92235684]
 [-5.0415537 ]
 [21.77642219]]
Erro de reprojeção: 0.07478353404083027

Imagem 3: cam2_frm3.jpg
Matriz R:
[[ 0.99723265  0.03363721 -0.06629924]
 [-0.06529892  0.82262315 -0.56482493]
 [ 0.03554016  0.56759112  0.82254314]]
Vetor t:
[[-2.49929062]
 [-3.02437575]
 [15.1632418 ]]
Erro de reprojeção: 0.14341635743100706

Imagem 4: cam2_frm4.jpg
Matriz R:
[[ 0.99848402 -0.00700892 -0.05459433]
 [-0.03166675  0.73812538 -0.67391998]
 [ 0.04502091  0.67462715  0.73678445]]
Vetor t:
[[-2.35107511]
 [-1.43678151]
 [11.50881154]]
Erro de reprojeção: 0.2329900065836291

Imagem 5: cam2_frm5.jpg
Matriz R:
[[ 0.97676733  0.0690136   0.20288593]
 [-0.03257582  0.9835402  -0.1777287 ]
 [-0.21181217  0.16699042  0.96293811]]
Vetor t:
[[-0.36792068]
 [-3.81185038]
 [19.00496952]]
Erro de reprojeção: 0.07449104237916292

Imagem 6: cam2_frm6.jpg
Matriz R:
[[ 0.86343255  0.05207015 -0.5017698 ]
 [ 0.07832888  0.96875716  0.23531715]
 [ 0.49834609 -0.24248355  0.83237786]]
Vetor t:
[[-0.57923367]
 [-4.28327356]
 [15.9713963 ]]
Erro de reprojeção: 0.18213662175058135

Imagem 7: cam2_frm7.jpg
Matriz R:
[[ 0.98784665  0.11840029 -0.10069934]
 [-0.05267908  0.86456099  0.49975915]
 [ 0.14623235 -0.48838066  0.8602909 ]]
Vetor t:
[[-0.90829151]
 [-4.88994265]
 [17.49527134]]
Erro de reprojeção: 0.17485090883138185

Imagem 8: cam2_frm8.jpg
Matriz R:
[[ 0.97678687  0.19156675 -0.09586236]
 [-0.08450271  0.75580336  0.64932316]
 [ 0.19684182 -0.62614971  0.75444671]]
Vetor t:
[[-2.78010511]
 [-4.04603212]
 [16.48599672]]
Erro de reprojeção: 0.21584268639976348

Imagem 9: cam2_frm9.jpg
Matriz R:
[[ 0.97361866  0.17286295 -0.14894663]
 [-0.02511457  0.72997127  0.68301625]
 [ 0.22679497 -0.66125664  0.71505503]]
Vetor t:
[[-3.01075864]
 [-3.75260491]
 [15.9557321 ]]
Erro de reprojeção: 0.22711257233724177

Imagem 10: cam2_frm10.jpg
Matriz R:
[[ 0.99785871  0.00785157 -0.06493343]
 [ 0.00395615  0.9837057   0.17974272]
 [ 0.06528665 -0.17961472  0.98156824]]
Vetor t:
[[-0.51364207]
 [-1.69787465]
 [34.77601771]]
Erro de reprojeção: 0.05316374978532209

Imagem 11: cam2_frm11.jpg
Matriz R:
[[ 0.89940082 -0.18666887 -0.39526308]
 [-0.03987387  0.86542889 -0.49944259]
 [ 0.43530247  0.46495974  0.77092425]]
Vetor t:
[[-0.92618858]
 [-2.96078721]
 [13.7217811 ]]
Erro de reprojeção: 0.1941752332516442

Imagem 12: cam2_frm12.jpg
Matriz R:
[[ 0.94241147  0.24751187  0.22494111]
 [-0.2893844   0.94063335  0.17738537]
 [-0.16768212 -0.23226445  0.95808973]]
Vetor t:
[[-2.25718506]
 [-3.05474497]
 [18.48913504]]
Erro de reprojeção: 0.10326047507965173

Imagem 13: cam2_frm13.jpg
Matriz R:
[[ 0.76135492  0.63188798  0.14510776]
 [-0.64511215  0.71606157  0.26661984]
 [ 0.06456778 -0.29660311  0.95281562]]
Vetor t:
[[-1.75149713]
 [-2.80510552]
 [23.62877515]]
Erro de reprojeção: 0.0833897299833653

Imagem 14: cam2_frm14.jpg
Matriz R:
[[ 0.81549402  0.49249422 -0.30400485]
 [-0.48049098  0.86892231  0.11875368]
 [ 0.3226421   0.04922867  0.94523998]]
Vetor t:
[[-2.11509944]
 [-2.96960068]
 [18.85066212]]
Erro de reprojeção: 0.10611195484110247

